
static const GLuint index_buffer_data[]{

            0, 1, 2,
            3, 4, 5,
            6, 7, 8,
            9, 10, 11,
            12, 13, 14,
            15, 16, 17,
            18, 19, 20,
            21, 22, 23,
            24, 25, 26,
            27, 28, 29,
            30, 31, 32,
            33, 34, 35


    };

    static const GLfloat vertex_buffer_data[] = {

        //Front Face

        -0.5, 0.5, 0.5,
        -0.5, -0.5, 0.5,
        0.5, 0.5, 0.5,

        0.5, -0.5, 0.5,
        0.5, 0.5, 0.5,
        -0.5, -0.5, 0.5,

        //Back Face
        -0.5, -0.5, -0.5,
        -0.5, 0.5, -0.5,
        0.5, -0.5, -0.5,

        0.5, 0.5, -0.5,
        0.5, -0.5, -0.5,
        -0.5, 0.5, -0.5,

        //Top Face

        -0.5, 0.5, -0.5,
        -0.5, 0.5, 0.5,
        0.5, 0.5, -0.5,

        0.5, 0.5, 0.5,..
        0.5, 0.5, -0.5,
        -0.5, 0.5, 0.5,

        //Bottom Face

        -0.5, -0.5, 0.5,
        0.5, -0.5, 0.5,
        -0.5, -0.5, -0.5,

        0.5, -0.5, -0.5,
        -0.5, -0.5, -0.5,
        0.5, -0.5, 0.5,

        //Left Face

        -0.5, -0.5, 0.5,
        -0.5, -0.5, -0.5,
        -0.5, 0.5, 0.5,

        -0.5, 0.5, -0.5,
        -0.5, 0.5, 0.5,
        -0.5, -0.5, -0.5,

     
       //Right Face

       0.5, 0.5, 0.5,
       0.5, -0.5, 0.5,
       0.5, 0.5, -0.5,

       0.5, -0.5, -0.5,
       0.5, 0.5, -0.5,
       0.5, -0.5, 0.5,




    };
   
    static GLfloat color_buffer_data[360] = {

        //Front Face(RED)

        1.0, 0.0, 0.0,
        1.0, 0.0, 0.0,
        1.0, 0.0, 0.0,

        1.0, 0.0, 0.0,
        1.0, 0.0, 0.0,
        1.0, 0.0, 0.0,

        //Back Face(RED)
        1.0, 0.0, 0.0,
        1.0, 0.0, 0.0,
        1.0, 0.0, 0.0,

        1.0, 0.0, 0.0,
        1.0, 0.0, 0.0,
        1.0, 0.0, 0.0,

        //Top Face(Green)

        0.0, 0.0, 1.0,
        0.0, 0.0, 1.0,
        0.0, 0.0, 1.0,

        0.0, 0.0, 1.0,
        0.0, 0.0, 1.0,
        0.0, 0.0, 1.0,

        //Bottom Face(Green)

        0.0, 0.0, 1.0,
        0.0, 0.0, 1.0,
        0.0, 0.0, 1.0,

        0.0, 0.0, 1.0,
        0.0, 0.0, 1.0,
        0.0, 0.0, 1.0,

        //Left Face(BLUE)

        0.0, 1.0, 0.0,
        0.0, 1.0, 0.0,
        0.0, 1.0, 0.0,

        0.0, 1.0, 0.0,
        0.0, 1.0, 0.0,
        0.0, 1.0, 0.0,


        //Right Face(BLUE)

        0.0, 1.0, 0.0,
        0.0, 1.0, 0.0,
        0.0, 1.0, 0.0,

        0.0, 1.0, 0.0,
        0.0, 1.0, 0.0,
        0.0, 1.0, 0.0,



    };